4 4
60 55 45 31 23 6 29 37 52 59 58 49 37 27 13 22 
62 58 43 30 19 5 31 42 55 64 61 49 37 26 12 20 
57 54 43 28 16 5 25 37 54 61 60 47 33 22 9 17 
58 53 42 30 15 4 21 34 52 62 60 50 34 22 7 15 
65 62 48 34 25 7 30 39 56 64 64 54 39 30 11 21 
67 63 46 32 20 5 34 43 59 70 67 53 39 27 11 21 
58 56 45 30 16 5 26 39 56 66 65 50 34 23 8 17 
57 52 44 32 16 5 22 35 56 68 66 54 37 23 7 16 
66 65 49 36 27 6 30 38 54 63 65 55 39 32 11 21 
68 63 46 33 20 6 35 43 59 71 66 52 38 27 11 24 
56 55 45 30 16 5 27 39 54 67 65 50 34 22 8 18 
52 47 42 32 16 5 23 35 56 68 66 54 37 22 7 17 
69 67 50 38 27 6 28 37 52 63 66 56 40 33 10 21 
70 63 46 33 20 6 35 42 59 71 66 52 38 28 11 25 
54 53 45 31 17 6 27 40 54 68 65 50 34 22 9 18 
47 42 40 31 16 5 23 35 57 68 66 54 37 22 7 18 
